IInfo: 1492959973.207315 0.000000 0.093360 115140.063477

IInfo: 1492959995.135265 1.000320 0.604420 54670.942505

IInfo: 1492960017.016453 2.000000 0.877580 19355.052307

IInfo: 1492960038.918450 3.000320 0.996340 1256.156598

