IInfo: 1492806030.781572 0.000000 0.091080 115142.783936

IInfo: 1492806056.246399 1.000000 0.796940 30233.595612

IInfo: 1492806081.679051 2.000000 0.978340 3551.946716

IInfo: 1492806107.051785 3.000000 1.000000 36.623577

